1273
1155.295 63.352 225.7312 0
1155.265 70.732 225.8432 0
1155.245 79.982 225.9709 0
1155.275 89.302 226.081 0
1155.305 106.082 226.2121 0
1155.305 116.412 226.2429 0
1155.155 129.422 226.3972 0
1155.085 146.102 226.6836 0
1155.105 161.072 226.9956 0
1155.105 168.482 227.1587 0
1154.985 181.532 227.4683 0
1154.965 192.672 227.7437 0
1154.985 203.672 228.021 0
1154.965 224.142 228.5537 0
1154.935 250.282 229.231 0
1154.945 265.102 229.5896 0
1154.935 277.922 229.8691 0
1154.735 283.882 230.0437 0
1154.495 287.682 230.2302 0
1153.545 296.962 230.7441 0
1152.095 307.712 231.4687 0
1150.495 320.721 232.4394 0
1149.625 328.221 233.0159 0
1148.905 335.602 233.5691 0
1148.395 340.221 233.9099 0
1148.265 342.952 234.0918 0
1148.045 348.702 234.4731 0
1148.025 350.552 234.5776 0
1148.065 354.252 234.7756 0
1148.225 357.292 234.9377 0
1148.705 361.692 235.0823 0
1149.166 364.712 235.1802 0
1149.995 367.511 235.2317 0
1151.425 370.312 235.281 0
1153.535 373.302 235.3237 0
1156.035 376.022 235.3479 0
1158.865 378.542 235.352 0
1161.775 380.802 235.3347 0
1166.475 384.192 235.2664 0
1169.845 386.422 235.1838 0
1178.425 391.832 234.8049 0
1183.605 394.882 234.4119 0
1193.405 400.832 233.4163 0
1197.835 404.152 232.8733 0
1201.485 407.482 232.3911 0
1204.755 411.272 231.9456 0
1207.365 415.742 231.5835 0
1208.895 420.752 231.3787 0
1209.085 423.302 231.3674 0
1209.085 426.292 231.3551 0
1209.015 429.602 231.4403 0
1209.035 444.452 231.8075 0
1209.095 456.962 232.0748 0
1208.995 467.042 232.2647 0
1209.055 482.042 232.5047 0
1209.055 504.572 232.9544 0
1209.055 527.082 234.0963 0
1209.075 537.022 234.9447 0
1209.105 551.942 236.4471 0
1209.045 571.882 238.0792 0
1209.125 591.812 239.1412 0
1209.065 614.272 239.9449 0
1209.145 631.772 240.2613 0
1209.075 639.332 240.2811 0
1209.115 649.221 240.255 0
1209.175 656.662 240.1971 0
1209.325 671.662 240.0457 0
1209.485 689.342 239.7716 0
1209.295 696.932 239.5958 0
1208.905 704.602 239.3509 0
1208.225 710.142 239.1561 0
1206.925 715.522 238.932 0
1205.035 720.632 238.6624 0
1202.745 725.422 238.3302 0
1199.695 730.122 237.9107 0
1196.385 734.452 237.4652 0
1192.765 738.402 237.024 0
1188.495 741.882 236.576 0
1184.035 745.011 236.1488 0
1179.185 747.732 235.7403 0
1174.035 749.842 235.3739 0
1169.835 751.152 235.1224 0
1163.666 752.252 235.0978 0
1157.785 752.522 234.7667 0
1151.825 752.422 234.43 0
1145.535 752.022 234.18 0
1139.285 751.082 233.9325 0
1127.625 748.842 233.6585 0
1120.095 747.502 233.5631 0
1112.785 746.412 233.4938 0
1107.475 746.052 233.4906 0
1099.865 745.932 233.5013 0
1092.345 745.932 233.6083 0
1079.675 746.032 233.7865 0
1061.945 746.042 233.8248 0
1046.035 745.922 233.8582 0
1025.095 745.971 233.959 0
1014.505 745.922 234.0377 0
1009.205 745.862 234.0797 0
998.715 745.922 234.1544 0
988.166 745.922 234.2388 0
969.745 745.922 234.4175 0
953.925 745.971 234.6546 0
940.825 745.812 234.8109 0
922.365 745.902 234.961 0
906.555 745.902 235.2308 0
883.005 745.842 235.7498 0
872.325 745.992 235.9883 0
861.895 745.922 236.2213 0
851.295 745.872 236.4114 0
840.785 745.872 236.5748 0
832.865 745.902 236.7205 0
817.125 745.922 237.0032 0
803.895 745.971 237.0909 0
788.225 745.971 237.1968 0
759.166 745.912 237.4278 0
735.515 745.932 237.6409 0
714.416 745.932 237.8592 0
696.055 745.982 238.0264 0
682.935 745.962 238.1317 0
672.465 745.971 238.1971 0
661.975 746.011 238.2459 0
653.945 745.971 238.275 0
632.905 746.002 238.2728 0
617.145 746.092 238.1815 0
601.345 746.032 237.9918 0
585.545 746.122 237.7947 0
559.215 746.392 236.9944 0
540.805 746.522 236.1362 0
530.285 746.572 235.5747 0
514.515 746.442 234.5602 0
501.385 746.372 233.528 0
475.285 746.202 230.9636 0
454.345 746.261 228.4804 0
436.135 746.352 226.192 0
411.105 746.302 222.7152 0
390.245 746.282 219.6195 0
373.495 746.022 216.9845 0
345.855 745.602 212.7333 0
342.025 745.662 212.1919 4
333.315 745.642 210.9587 4
326.455 745.662 209.94259 4
318.625 745.622 208.7214 4
315.655 745.642 208.23849 4
311.725 745.622 207.58248 4
306.315 745.692 206.5942 4
302.305 745.692 205.83307 4
298.255 745.692 205.02887 4
294.455 745.662 204.26373 4
290.855 745.642 203.54523 4
287.615 745.471 202.88702 4
284.385 745.212 202.23688 4
281.095 744.752 201.59308 4
277.775 744.221 200.964172 4
274.416 743.432 200.337952 4
271.005 742.482 199.719055 4
267.525 741.352 199.088524 4
264.035 739.962 198.46206 4
260.575 738.511 197.89443 4
257.265 736.872 197.42275 4
254.105 735.052 197.02724 4
250.916 733.082 196.69546 4
247.875 730.902 196.44228 4
244.595 728.422 196.24673 4
241.565 725.732 196.12685 4
238.805 723.172 195.99797 4
232.455 715.652 195.99797 4
227.335 708.132 195.99797 4
223.845 700.992 195.99797 4
220.115 691.652 195.99797 4
217.405 683.932 195.99797 4
216.755 677.202 195.99797 4
216.555 657.471 195.99797 4
216.555 645.652 195.99797 4
216.625 622.152 196.09665 4
216.555 606.432 196.09665 4
216.565 590.702 196.09665 4
216.575 571.042 196.09665 4
216.615 555.221 196.09665 4
216.625 540.152 196.13292 4
216.635 528.261 196.13292 4
216.635 497.732 196.13281 5
216.735 464.742 196.09664 4
216.635 448.942 196.09664 4
216.675 433.302 196.09664 4
216.795 431.022 196.09664 4
217.395 426.202 196.09664 4
218.615 421.742 196.09664 4
221.575 415.252 196.09664 4
227.335 407.692 196.09664 4
232.805 403.252 196.14672 4
262.095 386.252 196.1409 4
273.265 379.692 195.89192 4
280.595 375.112 195.41079 4
292.725 367.721 194.484 4
302.305 362.042 194.48434 4
321.675 351.202 194.484 4
326.725 346.862 194.48434 4
330.795 342.252 194.48434 4
333.555 336.362 194.48434 4
334.865 332.362 194.48434 4
335.675 328.322 194.48434 4
335.975 324.122 194.48434 4
335.925 308.342 194.48434 4
335.995 288.752 194.48434 4
335.825 273.032 194.48434 4
335.725 261.412 194.48434 4
335.805 230.452 194.52075 5
335.785 198.292 194.48434 4
336.185 191.682 194.48434 4
337.115 185.052 194.48434 4
338.535 178.582 194.48434 4
340.585 172.172 194.48434 4
343.145 166.032 194.48434 4
346.295 160.192 194.48434 4
352.085 150.062 194.48434 4
357.975 139.812 194.48434 4
361.925 132.952 194.48446 4
364.115 129.362 194.48104 4
366.435 126.112 194.47933 4
369.275 122.902 194.47836 4
372.295 119.822 194.4786 4
375.065 116.702 194.4786 4
377.385 113.582 194.4786 4
379.635 110.142 194.47866 4
382.285 106.322 194.47866 4
388.155 99.852 194.47866 4
393.755 94.332 194.47866 4
399.325 88.832 194.47866 4
404.855 83.182 194.47866 4
409.395 78.792 194.47866 4
413.145 75.842 194.47866 4
417.275 73.452 194.47866 4
421.745 71.792 194.47866 4
429.935 69.122 194.47866 4
435.685 66.761 194.47866 4
441.345 63.962 194.47866 4
446.565 60.511 194.47866 4
451.565 56.622 194.47866 4
456.285 52.522 194.47866 4
460.465 47.692 194.47866 4
465.475 41.032 194.47866 4
469.685 33.812 194.47866 4
472.285 28.092 194.47866 4
474.245 22.212 194.47866 4
475.825 16.282 194.40713 4
480.975 -2.6080000000002 193.0375 4
484.955 -17.688 190.9184 4
489.045 -32.748 188.7245 4
493.135 -47.878 186.6004 4
497.205 -63.068 185.367 4
499.795 -72.708 185.1587 4
500.905 -78.908 185.1587 4
501.445 -83.138 185.1587 4
501.615 -87.378 185.1587 4
501.615 -91.478 185.1587 4
501.305 -95.718 185.1587 4
500.465 -101.828 185.1587 4
499.125 -107.938 185.1587 4
496.435 -115.868 185.1587 4
493.795 -121.598 185.1587 4
491.765 -125.268 185.1587 4
488.375 -130.548 185.1587 4
484.615 -135.518 185.1587 4
481.875 -138.638 185.1587 4
477.465 -143.158 185.1587 4
472.675 -147.138 185.1587 4
467.525 -150.718 185.1587 4
448.545 -161.448 185.1587 4
438.325 -167.338 185.1587 4
434.245 -169.938 185.1587 4
430.675 -173.138 185.1587 4
427.655 -175.888 185.1587 4
425.905 -177.008 185.1587 4
420.785 -180.138 185.1587 4
410.655 -186.198 185.1587 4
400.505 -192.108 185.1587 4
390.185 -197.968 185.1587 4
383.405 -201.848 185.1587 4
376.625 -205.788 185.1587 4
369.865 -209.658 185.1587 4
343.765 -224.768 185.1951 5
315.195 -241.038 185.1587 4
311.295 -243.718 185.1587 4
307.675 -246.838 185.1587 4
304.455 -250.418 185.1587 4
301.916 -254.388 185.1587 4
298.015 -261.279 185.1587 4
292.265 -271.588 185.1587 4
288.205 -278.258 185.1587 4
285.085 -283.378 185.1587 4
282.485 -286.678 185.1587 4
279.535 -289.798 185.1587 4
276.285 -292.368 185.1587 4
272.805 -294.398 185.1587 4
268.865 -295.978 185.1587 4
264.755 -297.098 185.1587 4
260.666 -297.638 185.1587 4
254.615 -297.708 185.1587 4
242.925 -297.739 185.1587 4
231.145 -297.739 185.1587 4
219.285 -297.748 185.1587 4
207.565 -297.718 185.1587 4
199.595 -297.718 185.1587 4
193.655 -297.658 185.1587 4
189.445 -297.418 185.1587 4
185.265 -296.938 185.1587 4
181.155 -296.208 185.1587 4
177.125 -295.228 185.1587 4
173.085 -293.998 185.1587 4
169.175 -292.578 185.1587 4
165.325 -290.968 185.1587 4
161.555 -289.068 185.1587 4
156.295 -286.048 185.1587 4
149.505 -282.198 185.1587 4
139.205 -276.338 185.1587 4
132.475 -272.489 185.1587 4
125.605 -268.588 185.1587 4
118.855 -264.558 185.1587 4
111.975 -260.638 185.1587 4
105.255 -256.698 185.1587 4
101.715 -254.518 185.1587 4
98.205 -252.078 185.1587 4
93.395 -247.948 185.1587 4
90.365 -245.098 185.1587 4
87.285 -242.378 185.1586 4
84.245 -239.788 185.1586 4
81.145 -237.348 185.1569 4
77.925 -235.228 185.1547 4
74.785 -232.758 185.163 4
71.635 -229.958 185.184 4
68.395 -227.038 185.2152 4
64.185 -222.428 185.2152 4
60.355 -217.558 185.2152 4
56.985 -212.098 185.2152 4
54.155 -206.578 185.2152 4
52.405 -202.798 185.2152 4
50.425 -196.848 185.2152 4
46.666 -183.438 185.2152 4
42.645 -168.258 185.2152 4
40.416 -160.328 185.2152 4
38.755 -156.008 185.2152 4
37.055 -152.008 185.2152 4
35.115 -147.898 185.2152 4
30.285 -139.208 185.2152 4
18.315 -118.948 185.2152 4
0.79500000000007 -88.348 185.2152 4
-9.2449999999999 -71.208 185.2152 4
-13.135 -64.338 185.2152 4
-15.045 -60.688 185.2152 4
-16.325 -56.529 185.2152 4
-22.435 -33.779 185.2152 4
-24.385 -26.248 185.2152 4
-26.055 -21.758 185.2152 4
-28.075 -17.518 185.2152 4
-30.785 -13.518 185.2152 4
-33.885 -9.8580000000002 185.2152 4
-36.665 -6.8780000000002 185.2152 4
-39.045 -3.3980000000001 185.2152 4
-40.725 0.48199999999997 185.2152 4
-41.975 4.3820000000001 185.2152 4
-46.145 19.622 185.2152 4
-49.295 31.132 185.2152 4
-51.565 39.062 185.2152 4
-52.985 43.122 185.2152 4
-54.745 47.322 185.2152 4
-56.745 51.332 185.2152 4
-59.895 56.562 185.2152 4
-65.855 66.732 185.2152 4
-71.875 77.302 185.2152 4
-89.985 108.962 185.215 5
-107.385 138.742 185.2152 4
-111.315 144.162 185.2152 4
-115.745 149.112 185.2152 4
-119.955 153.221 185.2152 4
-125.385 159.002 185.2152 4
-133.765 167.542 185.2152 4
-142.195 175.652 185.2843 4
-150.555 184.011 185.9005 4
-158.825 192.221 187.119 4
-167.195 200.732 188.7137 4
-175.555 208.992 189.7428 4
-185.225 218.752 190.15854 4
-188.125 221.952 190.15854 4
-190.735 225.232 190.15854 4
-193.185 228.742 190.15854 4
-205.175 249.342 190.15854 4
-215.025 266.272 190.15854 4
-224.795 283.462 190.15854 4
-232.565 297.032 190.15854 4
-238.485 307.162 190.15854 4
-243.505 315.802 190.15854 4
-246.315 321.511 190.15854 4
-248.415 327.342 190.15854 4
-250.645 334.912 190.12632 4
-253.084 341.852 190.09775 4
-256.025 349.072 190.10215 4
-258.245 356.462 190.10208 4
-263.375 375.402 190.10208 4
-268.455 394.452 190.10208 4
-270.515 401.912 190.10208 4
-273.605 413.382 190.10208 4
-275.584 421.102 190.10208 4
-276.305 425.302 190.10208 4
-276.735 429.522 190.10208 4
-276.875 431.612 190.10208 4
-276.905 433.662 190.10208 4
-276.905 435.592 190.10208 4
-276.925 467.761 190.13824 5
-276.885 498.942 190.10672 4
-276.945 514.471 190.79422 4
-276.985 526.232 192.02957 4
-276.834 537.912 193.66282 4
-276.995 565.242 197.49771 4
-276.995 584.942 199.217432 4
-276.925 592.802 199.4219 4
-276.745 599.072 199.4219 4
-276.325 603.212 199.4219 4
-275.895 605.202 199.4219 4
-275.334 607.212 199.4219 4
-267.225 637.971 199.4219 4
-261.175 660.782 199.4219 4
-255.105 683.662 199.4219 4
-250.995 698.832 199.4219 4
-246.925 713.872 199.4219 4
-241.865 733.022 199.4219 4
-240.095 741.622 199.4219 4
-239.445 748.252 199.4219 4
-239.265 752.692 199.421795 4
-239.435 760.002 199.426922 4
-239.975 767.782 199.427654 4
-240.285 771.712 199.42741 4
-240.385 775.632 199.42741 4
-240.365 779.672 199.427444 4
-240.445 783.721 199.427444 4
-240.385 791.652 199.427444 4
-240.395 803.572 199.427444 4
-240.315 816.492 199.463907 0
-240.435 824.292 199.463907 0
-240.465 833.112 199.463907 0
-240.395 842.511 199.427444 4
-240.445 866.062 199.427444 4
-240.465 874.072 199.424646 4
-240.385 881.772 199.219324 4
-240.485 893.752 198.37802 4
-240.375 905.182 196.97347 4
-240.475 924.932 194.1986 4
-240.515 948.302 191.13394 4
-240.515 967.732 190.11123 4
-240.355 1001.662 190.108 5
-240.305 1031.082 190.10757 4
-240.475 1046.572 190.10757 4
-240.465 1062.352 190.10757 4
-240.405 1078.112 190.10757 4
-240.525 1093.802 190.10757 4
-240.705 1098.172 190.10757 4
-241.084 1102.582 190.10757 4
-241.655 1107.062 190.10757 4
-242.605 1111.362 190.10757 4
-243.795 1115.622 190.10757 4
-245.185 1119.882 190.10757 4
-246.715 1123.982 190.10757 4
-248.535 1128.022 190.10757 4
-250.605 1131.912 190.10757 4
-256.595 1142.022 190.10757 4
-260.575 1148.971 190.10757 4
-266.455 1159.162 190.10757 4
-269.345 1164.632 190.10757 4
-271.115 1168.422 190.10757 4
-272.535 1172.511 190.10757 4
-273.705 1176.462 190.10757 4
-274.685 1180.662 190.10757 4
-275.465 1184.602 190.10757 4
-275.855 1188.732 190.10757 4
-276.025 1193.072 190.10757 4
-276.105 1199.011 190.10757 4
-276.055 1206.942 190.10757 4
-276.095 1218.872 190.10757 4
-276.065 1226.542 190.10757 4
-275.975 1236.252 190.10357 4
-275.834 1245.372 190.10137 4
-275.535 1253.052 190.10186 4
-275.385 1261.011 190.10186 4
-275.355 1268.782 190.10189 4
-275.275 1276.602 190.3077 4
-275.195 1288.452 191.1329 4
-275.275 1304.072 193.10385 4
-275.275 1316.042 194.36483 4
-275.275 1327.752 194.97519 4
-275.375 1336.122 195.04525 4
-275.795 1340.542 195.04525 4
-276.525 1344.982 195.04525 4
-278.025 1351.422 195.04525 4
-280.995 1362.792 195.04525 4
-285.105 1377.952 195.04525 4
-294.155 1411.332 195.1192 5
-302.415 1442.542 195.04525 4
-305.565 1453.852 195.04525 4
-308.595 1465.292 195.04525 4
-311.035 1475.032 195.04525 4
-311.955 1479.072 195.04525 4
-312.525 1483.242 195.04525 4
-312.845 1487.352 195.04525 4
-312.965 1491.572 195.04525 4
-312.895 1503.332 195.04525 4
-312.795 1515.162 195.04525 4
-312.845 1523.072 195.04512 4
-312.845 1527.982 195.0478 4
-312.795 1533.282 195.05 4
-312.645 1537.892 195.05122 4
-312.435 1541.812 195.05122 4
-311.975 1549.552 195.05098 4
-311.875 1553.582 195.05098 4
-311.945 1557.752 195.05093 4
-311.955 1577.202 195.05093 4
-311.955 1604.742 195.05093 4
-312.055 1620.432 195.05093 4
-311.685 1626.682 195.05093 4
-311.265 1630.822 195.05093 4
-310.525 1634.922 195.05093 4
-309.525 1638.962 195.05093 4
-307.395 1646.612 195.05093 4
-303.395 1661.782 195.05093 4
-299.355 1676.992 194.8395 4
-295.265 1692.232 193.59072 4
-290.205 1711.032 190.92365 4
-287.215 1722.312 189.2845 4
-284.285 1733.692 187.6421 4
-281.084 1745.082 186.409 4
-278.965 1752.582 185.9361 4
-277.084 1759.932 185.7351 4
-269.305 1788.852 185.8063 5
-260.765 1820.992 185.731 4
-260.084 1823.012 185.731 4
-257.545 1828.732 185.731 4
-255.445 1832.392 185.731 4
-251.675 1837.502 185.731 4
-247.565 1842.182 185.731 4
-244.675 1845.102 185.731 4
-241.565 1847.802 185.731 4
-232.995 1853.932 185.731 4
-221.005 1860.782 185.731 4
-203.985 1870.772 185.731 4
-196.465 1874.532 185.731 4
-192.595 1876.122 185.731 4
-188.595 1877.382 185.731 4
-179.045 1880.022 185.731 4
-156.235 1886.062 185.731 4
-133.365 1892.122 185.731 4
-119.725 1895.552 185.731 4
-117.645 1895.882 185.731 4
-111.355 1896.462 185.731 4
-103.115 1896.592 185.731 4
-95.315 1896.472 185.731 4
-75.755 1896.582 185.7308 4
-72.165 1896.722 185.7252 4
-68.465 1896.912 185.7252 4
-64.455 1897.462 185.7252 4
-60.375 1898.362 185.7252 4
-56.334 1899.382 185.7252 4
-52.545 1900.672 185.7252 4
-48.625 1901.572 185.7252 4
-44.845 1902.142 185.7252 4
-41.115 1902.402 185.7252 4
-37.145 1902.612 185.727 4
-21.495 1902.702 186.4125 4
2.125 1902.642 189.3027 4
29.435 1902.572 193.14037 4
48.715 1902.592 195.85081 4
68.295 1902.592 198.39376 4
84.065 1902.492 199.352503 4
119.416 1902.422 199.45813 5
150.865 1902.412 199.421839 4
154.975 1902.252 199.421839 4
159.185 1901.612 199.421839 4
164.215 1899.912 199.421839 4
168.905 1898.132 199.421839 4
174.725 1895.382 199.421839 4
180.175 1892.132 199.421839 4
185.265 1888.462 199.421839 4
191.455 1882.862 199.421839 4
196.965 1876.572 199.421839 4
201.805 1869.692 199.421839 4
203.815 1866.122 199.421839 4
206.635 1860.492 199.421839 4
208.885 1854.642 199.421839 4
210.075 1850.472 199.419153 4
214.245 1835.292 198.71993 4
218.105 1820.172 196.93673 4
221.185 1808.712 195.49557 4
225.255 1793.562 194.54659 4
229.505 1778.462 194.47848 4
234.375 1759.512 194.47848 4
236.925 1751.712 194.57723 4
239.916 1744.642 194.85775 4
241.666 1741.182 195.0931 4
243.475 1737.742 195.33724 4
245.155 1734.162 195.53817 4
248.255 1726.912 195.84212 4
250.465 1720.792 195.97061 4
252.595 1714.442 195.97061 4
255.235 1708.442 195.97061 4
257.335 1704.342 195.97061 4
261.005 1698.862 195.97061 4
264.995 1693.482 195.97061 4
269.425 1688.602 195.97061 4
274.455 1684.202 195.97061 4
279.705 1680.092 195.97061 4
285.345 1676.632 195.97061 4
292.175 1672.652 195.97061 4
305.775 1664.812 195.97061 4
314.325 1659.752 195.97061 4
317.725 1657.192 195.97061 4
320.655 1654.232 195.97061 4
324.225 1649.042 195.97061 4
326.865 1643.462 195.97061 4
328.445 1637.602 195.97061 4
330.555 1629.952 195.97061 4
335.625 1611.002 195.97061 4
338.655 1599.622 195.97061 4
343.685 1580.672 195.97061 4
345.465 1572.402 195.97061 4
346.115 1566.182 195.97061 4
346.105 1561.962 195.97061 4
346.225 1538.402 195.97061 4
346.055 1518.782 195.97061 4
346.125 1487.312 195.97061 4
346.185 1471.592 195.97061 4
346.185 1435.802 195.971 5
346.215 1404.802 195.97061 4
345.955 1398.532 195.97061 4
345.455 1394.432 195.97061 4
344.795 1390.282 195.97061 4
343.835 1386.132 195.97061 4
340.655 1374.702 195.97061 4
337.575 1363.302 195.97061 4
334.505 1351.362 195.97061 4
333.565 1344.782 195.97061 4
333.085 1336.112 195.97061 4
332.875 1320.382 195.97061 4
332.825 1300.612 195.97061 4
332.825 1277.072 195.97061 4
333.166 1261.352 195.97061 4
333.055 1245.602 195.97061 4
333.035 1229.812 195.97061 4
333.015 1206.252 195.97061 4
333.005 1190.452 195.97061 4
332.975 1178.872 195.97061 4
332.905 1174.822 195.89911 4
332.666 1170.942 195.6972 4
332.265 1166.971 195.29657 4
331.865 1163.092 194.88934 4
331.675 1159.492 194.66912 4
331.625 1155.732 194.55361 4
331.855 1151.221 194.55361 4
332.525 1144.462 194.55361 4
333.785 1137.982 194.55361 4
336.245 1128.352 194.55362 4
340.315 1113.092 194.55362 4
342.435 1105.502 194.55362 4
343.445 1101.511 194.55362 4
344.055 1097.462 194.55362 4
344.615 1093.212 194.55362 4
344.815 1088.992 194.55362 4
344.955 1053.752 194.554 5
344.815 1024.002 194.55362 4
344.815 1008.372 194.55362 4
344.835 992.502 194.55362 4
344.515 988.362 194.55362 4
343.685 984.382 194.55362 4
341.815 978.232 194.55362 4
339.485 972.622 194.55362 4
335.385 965.282 194.55362 4
331.825 960.022 194.55362 4
326.485 953.652 194.55362 4
321.935 949.302 194.55362 4
317.135 945.452 194.55362 4
310.135 940.802 194.55362 4
306.095 938.102 194.64519 4
295.125 930.482 195.3322 4
288.745 925.882 195.86052 4
281.985 921.662 196.09664 4
275.245 917.782 196.09664 4
264.955 911.702 196.09664 4
254.666 906.011 196.09664 4
249.095 902.292 196.09664 4
243.725 898.392 196.09664 4
239.015 893.782 196.09664 4
234.325 889.022 196.09664 4
230.395 883.692 196.09664 4
226.895 878.062 196.09664 4
223.735 872.052 196.09664 4
221.325 865.892 196.09664 4
219.465 859.532 196.09664 4
218.035 853.032 195.99797 4
217.115 846.332 195.99797 4
216.825 835.952 195.99797 4
216.885 827.942 195.99797 4
219.805 819.132 195.99797 4
224.175 807.632 195.99797 4
227.265 801.602 195.99797 4
231.905 794.132 195.99773 4
238.995 785.802 196.09719 4
244.635 780.721 196.24734 4
247.865 778.192 196.44241 4
250.985 776.011 196.70168 4
254.105 774.032 197.02908 4
257.325 772.282 197.42678 4
260.605 770.622 197.897 4
264.075 769.132 198.46902 4
267.555 767.802 199.091087 4
271.045 766.652 199.724129 4
274.435 765.702 200.341805 4
277.805 764.982 200.96534 4
281.135 764.362 201.59986 4
284.416 763.922 202.24122 4
287.595 763.662 202.88111 4
294.445 763.442 204.26051 4
302.335 763.492 205.8379 4
306.325 763.532 206.59457 4
314.195 763.492 207.96151 4
322.055 763.502 209.23104 4
327.225 763.492 210.0577 0
333.605 763.511 210.9632 0
345.705 763.402 212.7099 0
390.235 762.812 219.619 0
411.105 762.742 222.716 0
436.185 762.682 226.1981 0
449.325 762.742 227.8493 0
465.045 762.702 229.7985 0
480.725 762.772 231.5493 0
490.995 762.721 232.581 0
501.695 762.552 233.5541 0
514.785 762.532 234.5793 0
535.515 762.502 235.883 0
546.335 762.522 236.4013 0
557.095 762.622 236.9151 0
569.975 762.832 237.3922 0
582.605 762.912 237.761 0
603.935 763.072 238.0274 0
617.125 763.132 238.1817 0
630.275 763.162 238.2637 0
640.785 763.122 238.2891 0
653.995 763.132 238.275 0
664.235 763.252 238.2376 0
672.135 763.122 238.199 0
682.675 763.142 238.1339 0
693.185 763.122 238.0489 0
703.695 763.122 237.9671 0
714.235 763.152 237.8609 0
730.025 763.102 237.699 0
740.605 763.112 237.5914 0
748.475 763.132 237.5247 0
756.365 763.212 237.4537 0
766.885 763.082 237.3592 0
774.765 763.002 237.2952 0
782.666 763.002 237.2366 0
793.225 763.042 237.1612 0
803.775 763.032 237.0901 0
811.666 763.072 237.0511 0
822.215 763.092 236.96 0
830.045 763.011 236.7881 0
838.005 763.062 236.6165 0
848.495 762.982 236.4605 0
856.345 762.942 236.3214 0
866.925 763.032 236.1089 0
882.735 763.062 235.7559 0
895.615 763.052 235.5086 0
906.375 763.022 235.2354 0
914.275 763.122 235.0814 0
922.166 763.122 234.9617 0
930.055 763.052 234.942 0
937.435 763.032 234.8682 0
946.666 763.072 234.7149 0
959.545 763.122 234.6004 0
969.505 763.172 234.4219 0
977.945 763.152 234.3387 0
990.565 763.192 234.2149 0
998.495 763.152 234.1558 0
1006.925 763.162 234.0977 0
1016.885 763.122 234.0189 0
1038.525 763.082 233.8814 0
1057.065 763.142 233.8482 0
1070.105 763.212 233.8001 0
1080.155 763.162 233.8138 0
1088.625 763.062 233.8871 0
1093.455 762.782 234.1249 0
1100.945 762.502 234.493 0
1113.715 762.302 235.0516 0
1120.445 762.582 235.1805 0
1127.175 763.282 235.3092 0
1133.795 764.812 235.5167 0
1140.245 766.442 235.7171 0
1153.065 770.992 235.7643 0
1158.655 773.322 235.9806 0
1164.215 775.552 236.0077 0
1169.385 777.202 235.9713 0
1178.605 780.112 236.0624 0
1195.715 785.721 236.3009 0
1203.655 788.202 236.5099 0
1209.075 789.822 236.6337 0
1215.745 791.772 236.8822 0
1220.325 793.062 237.0687 0
1227.495 794.942 237.4413 0
1237.265 797.322 238.0453 0
1246.885 799.742 238.5561 0
1254.275 801.602 238.8793 0
1263.985 804.202 239.2768 0
1276.155 807.632 239.7765 0
1283.895 809.932 240.1012 0
1285.605 810.462 240.1576 0
1287.995 811.242 240.237 0
1295.735 813.682 240.4916 0
1297.705 814.362 240.5255 0
1307.185 817.792 240.6845 0
1314.825 820.822 240.7265 0
1321.435 823.721 240.7333 0
1326.915 826.152 240.7257 0
1335.705 830.432 240.7067 0
1342.185 834.662 240.6748 0
1348.455 839.112 240.5625 0
1357.485 845.992 240.2649 0
1363.345 850.522 239.9702 0
1369.085 854.852 239.5869 0
1375.135 858.952 239.0784 0
1382.835 863.712 238.4751 0
1389.065 866.692 237.9917 0
1394.015 868.852 237.5654 0
1398.985 870.822 237.0723 0
1403.895 872.322 236.5742 0
1410.725 873.912 235.8452 0
1417.765 874.932 235.0293 0
1425.075 875.492 234.0669 0
1432.325 875.962 233.034 0
1439.625 876.132 232.1724 0
1446.985 876.282 231.5921 0
1454.425 876.282 231.3218 0
1472.005 876.292 231.1782 0
1487.925 876.261 231.1782 0
1502.285 876.261 231.1782 0
1507.065 876.261 231.1782 0
1514.995 876.261 231.1782 0
1529.345 876.272 231.1782 0
1540.485 876.261 231.1782 0
1553.235 876.312 231.1782 0
1572.365 876.302 231.3335 0
1586.745 876.282 231.1782 0
1605.955 876.242 231.1782 0
1628.305 876.312 231.1782 0
1644.265 876.302 231.1782 1
1668.175 876.332 231.1782 0
1679.315 876.272 231.1782 0
1696.805 876.302 231.1782 0
1715.945 876.272 231.1782 0
1731.335 876.342 231.4266 0
1746.355 876.322 231.9937 0
1754.685 876.261 232.3941 0
1766.365 876.242 233.9603 0
1787.965 876.272 236.1802 0
1798.275 876.272 236.1542 0
1833.325 876.221 236.1542 0
1863.595 876.292 236.1542 0
1892.275 876.282 236.1542 1
1906.635 876.252 236.1542 0
1928.405 876.232 236.1544 0
1944.365 876.212 236.1544 0
1957.105 876.232 236.1544 0
1966.625 876.221 236.2714 0
1981.015 876.272 236.2714 0
2008.115 876.232 236.2714 0
2032.005 876.312 236.2714 0
2054.035 876.182 236.2714 0
2066.775 876.302 236.2714 0
2087.525 876.362 236.2714 0
2108.235 876.342 236.2714 0
2125.635 876.312 236.2714 0
2140.435 876.062 236.15 0
2177.085 876.092 235.0394 0
2213.885 876.142 233.9247 0
2238.365 876.132 233.1832 0
2262.935 876.052 232.4388 0
2275.125 876.062 232.0697 0
2287.415 876.112 231.6976 0
2293.515 876.092 231.5094 0
2302.535 876.102 230.8407 0
2311.485 876.042 230.1756 0
2320.265 875.832 229.5218 0
2328.815 875.442 228.8846 0
2337.265 874.832 228.255 0
2345.385 873.912 227.6485 0
2353.095 872.672 227.0731 0
2360.445 870.952 226.523 0
2367.375 868.892 226.0072 0
2373.755 866.362 225.5338 0
2379.645 863.202 225.0975 0
2384.935 859.562 224.7135 0
2389.795 855.112 224.3792 0
2396.405 848.532 223.7704 0
2403.165 841.802 223.1561 0
2409.955 835.102 222.5404 0
2416.615 828.342 221.9286 0
2423.395 821.662 221.3146 0
2426.775 818.282 221.0743 0
2430.095 814.942 220.9195 0
2433.635 811.482 220.8561 0
2437.885 807.882 220.8673 0
2442.065 804.532 220.867 0
2446.215 801.511 220.867 0
2450.325 798.852 220.8673 0
2454.535 796.471 220.867 0
2458.575 794.372 220.867 0
2462.705 792.542 220.867 0
2466.765 791.062 220.867 0
2470.935 789.902 220.867 0
2474.995 789.002 220.867 0
2479.045 788.452 220.867 0
2483.135 788.212 220.8155 0
2487.035 788.342 220.7018 0
2491.125 788.692 220.5641 0
2495.265 789.352 220.4454 0
2499.525 790.292 220.3959 0
2503.805 791.562 220.3956 0
2508.085 793.092 220.3959 0
2512.315 794.982 220.3959 0
2516.415 797.261 220.3959 0
2520.435 799.922 220.3959 0
2524.125 803.002 220.3959 0
2527.615 806.492 220.3959 0
2530.705 810.452 220.3959 0
2533.305 814.962 220.3959 0
2535.375 819.622 220.3959 0
2537.055 824.802 220.3959 0
2538.375 830.162 220.3959 0
2539.355 835.992 220.3959 0
2540.145 841.982 220.3959 0
2540.775 848.342 220.3959 0
2541.325 854.842 220.3959 0
2541.575 861.622 220.3959 0
2541.665 868.602 220.3959 0
2541.645 875.682 220.3959 0
2541.605 882.942 220.3959 0
2541.555 890.292 220.3959 0
2541.525 897.652 220.1355 0
2541.745 905.022 219.9628 0
2541.825 914.172 219.7169 0
2541.805 923.352 219.7046 0
2541.845 932.612 219.7169 0
2541.835 941.852 219.7169 0
2541.825 949.842 219.7046 1
2541.825 960.302 219.7416 0
2541.895 969.572 219.7046 0
2541.845 978.682 219.6923 0
2541.895 987.971 219.7325 0
2541.875 997.152 219.7063 0
2541.845 1006.412 219.7063 0
2541.645 1015.592 219.9589 0
2541.435 1025.242 220.1332 0
2540.665 1029.822 220.3947 0
2539.425 1034.652 220.3952 0
2537.945 1039.122 220.3957 0
2536.145 1043.682 220.3957 0
2533.865 1048.132 220.3957 0
2531.555 1052.702 220.3957 0
2528.965 1057.202 220.3957 0
2525.895 1061.832 220.3957 0
2522.455 1066.261 220.3957 0
2518.835 1070.892 220.3957 0
2514.855 1075.492 220.3957 0
2510.545 1080.102 220.3957 0
2505.815 1084.721 220.3957 0
2500.475 1089.342 220.3957 0
2494.485 1093.782 220.3957 0
2488.095 1098.302 220.3957 0
2481.155 1102.672 220.3957 0
2473.945 1107.122 220.3957 0
2466.415 1111.532 220.3957 0
2458.905 1115.952 220.3957 0
2451.305 1120.452 220.3957 0
2443.825 1124.902 220.3957 0
2436.445 1129.682 220.3957 0
2429.365 1134.462 220.3957 0
2422.785 1139.372 220.3957 0
2416.475 1144.462 220.3957 0
2410.535 1149.772 220.3957 0
2404.755 1155.182 220.3957 0
2399.135 1160.582 220.3957 0
2393.625 1166.172 220.3957 0
2388.255 1171.812 220.3957 0
2382.955 1177.632 220.3957 0
2377.725 1183.632 220.3957 0
2372.595 1189.732 220.3957 0
2367.475 1195.942 220.3957 0
2362.295 1202.372 220.3957 0
2357.055 1209.022 220.3957 0
2351.935 1215.782 220.3957 0
2346.645 1222.822 220.3957 0
2341.485 1230.032 220.3823 0
2336.515 1237.672 220.3464 0
2331.625 1245.602 220.2951 0
2326.765 1253.862 220.2346 0
2322.005 1262.292 220.1723 0
2317.125 1270.822 220.1142 0
2312.205 1279.552 220.0668 0
2307.275 1288.232 220.038 0
2302.105 1296.992 220.0397 0
2292.435 1314.582 220.1901 0
2282.425 1332.221 220.5692 0
2272.035 1349.602 221.1884 0
2261.105 1366.882 222.0124 0
2255.355 1375.212 222.4689 0
2249.345 1383.582 222.956 0
2236.515 1399.622 223.9713 0
2222.665 1414.712 224.9906 0
2207.575 1428.562 225.954 0
2191.135 1441.172 226.817 0
2173.195 1452.392 227.6347 0
2154.135 1462.052 228.4064 0
2144.645 1466.152 228.7641 0
2122.685 1473.102 229.0993 0
2107.285 1477.772 229.435 0
2093.695 1481.692 229.6569 0
2072.405 1487.352 229.871 0
2048.985 1492.962 229.903 0
2031.305 1497.012 229.7743 0
2001.535 1503.122 229.6786 0
1989.095 1505.492 229.525 0
1977.115 1507.722 229.3978 0
1965.685 1509.652 229.2823 0
1954.575 1511.422 229.1544 0
1944.395 1512.982 229.0316 0
1933.385 1514.432 228.9034 0
1922.895 1515.762 228.796 0
1912.575 1517.152 228.715 0
1902.145 1518.452 228.6688 0
1891.705 1519.892 228.6669 0
1881.215 1521.202 228.7045 0
1870.805 1522.722 228.7684 0
1860.425 1523.992 228.8466 0
1850.105 1525.182 228.9257 0
1840.025 1526.162 228.993 0
1830.005 1526.902 229.0363 0
1818.865 1527.582 228.8092 0
1808.725 1528.092 228.828 0
1798.675 1528.322 228.8385 0
1790.585 1528.352 228.8388 0
1782.515 1528.152 228.8317 0
1774.385 1527.802 228.8151 0
1768.295 1527.362 228.7965 0
1760.265 1526.712 228.7607 0
1754.175 1526.132 228.7218 0
1746.175 1525.162 228.6596 0
1740.195 1524.282 228.6078 0
1736.155 1523.702 228.571 0
1714.255 1519.342 228.37 0
1708.475 1517.782 228.3256 0
1702.495 1516.022 228.2878 0
1696.715 1514.032 228.2582 0
1692.695 1512.552 228.2409 0
1686.935 1510.342 228.2199 0
1683.165 1508.692 228.2086 0
1677.565 1506.082 228.1952 0
1670.195 1502.132 228.1835 0
1664.935 1498.702 228.1789 0
1660.115 1495.272 228.4323 0
1654.335 1490.372 228.4333 0
1649.055 1484.922 228.4211 0
1643.995 1479.002 228.3908 0
1639.425 1472.572 228.36 0
1635.325 1465.882 228.3461 0
1631.685 1458.672 228.3661 0
1628.945 1451.132 228.4357 0
1626.855 1443.312 228.5741 0
1625.825 1434.732 228.7355 0
1625.575 1425.652 228.8837 0
1625.995 1416.292 229.0622 0
1627.045 1406.721 229.3185 0
1628.495 1397.502 229.6864 0
1630.325 1388.732 230.2196 0
1632.015 1382.761 230.7724 0
1634.295 1375.312 231.7104 0
1635.745 1369.672 232.6549 0
1637.235 1363.432 233.882 0
1638.165 1357.782 235.1479 0
1638.925 1352.532 236.4345 0
1639.465 1346.952 237.8847 0
1640.105 1332.352 241.9308 0
1640.105 1322.352 244.528 0
1640.015 1310.802 246.4347 0
1640.055 1176.312 246.5751 0
1640.015 1152.462 246.5751 0
1640.045 1142.852 246.5751 0
1639.995 1136.492 246.5751 0
1640.015 1120.602 246.5751 0
1640.015 1101.382 246.5751 0
1640.035 1087.002 246.5751 0
1640.035 1075.862 246.5751 0
1639.995 1062.842 246.7396 0
1639.965 1053.692 246.5743 0
1640.005 1039.152 245.8919 0
1640.015 1030.032 245.2166 0
1640.025 1020.942 244.3668 0
1640.015 1010.022 243.1287 0
1640.595 1002.192 242.182 0
1641.565 996.442 241.4678 0
1642.855 991.072 240.8133 0
1645.785 980.342 239.6163 0
1648.795 969.971 238.7022 0
1650.995 961.362 238.2281 0
1652.175 954.462 238.1024 0
1652.695 949.542 238.1849 0
1652.765 943.272 238.3762 0
1652.735 935.352 238.3762 0
1652.845 924.142 238.3762 0
1652.775 916.172 238.3762 0
1652.765 906.632 238.3762 0
1652.745 893.842 238.3762 1
1652.795 874.712 238.3762 0
1652.775 858.802 238.3762 0
1652.775 846.011 238.3762 0
1652.755 830.122 238.3762 0
1652.765 817.392 238.3762 0
1652.955 754.982 235.6325 0
1652.885 750.332 235.5946 0
1652.645 746.322 235.5613 0
1652.255 743.252 235.5409 0
1651.485 737.492 235.5017 0
1650.655 733.752 235.4869 0
1649.495 729.132 235.4689 0
1648.145 724.552 235.4691 0
1646.715 720.002 235.4708 0
1644.955 715.482 235.4984 0
1643.165 710.982 235.5336 0
1640.045 704.052 235.7118 0
1636.995 697.252 235.9799 0
1633.805 690.462 236.3356 0
1630.635 683.742 236.7946 0
1626.315 674.772 237.4369 0
1623.095 668.022 237.9188 0
1617.765 656.682 238.6893 0
1613.505 647.612 239.3565 0
1608.315 636.362 240.2672 0
1602.985 625.011 241.0557 0
1596.655 611.552 241.5135 0
1592.395 602.372 241.5203 0
1585.115 586.482 241.4427 0
1579.945 575.112 241.4342 0
1576.885 568.322 241.4429 0
1573.905 561.362 241.4639 0
1570.755 554.492 241.4898 0
1568.735 549.852 241.5101 0
1566.665 545.352 241.5325 0
1564.655 540.761 241.5553 0
1562.195 535.412 241.5561 0
1560.735 532.272 241.5286 0
1559.015 528.452 241.4895 0
1556.225 521.932 241.4194 0
1553.535 515.292 241.2522 0
1550.605 506.471 240.6321 0
1548.195 497.302 239.8452 0
1547.195 489.982 239.1321 0
1546.745 482.902 238.5622 0
1546.685 473.372 238.1765 0
1546.835 468.742 238.0569 0
1546.895 460.002 237.7086 0
1546.895 446.692 237.52 0
1546.885 428.221 237.4955 1
1546.885 418.282 237.4327 0
1546.905 410.422 237.3771 0
1546.895 386.052 237.2336 0
1546.905 380.902 237.286 0
1546.885 377.842 237.2206 0
1546.895 376.492 237.2968 0
1546.745 375.162 237.2692 0
1546.345 373.052 237.2077 0
1545.725 370.612 237.1425 0
1544.885 368.152 237.0251 0
1544.005 365.732 237.0121 0
1543.035 363.312 236.9345 0
1541.905 361.032 236.893 0
1540.575 358.812 236.8546 0
1539.085 356.642 236.8183 0
1535.815 352.662 236.7565 0
1533.695 350.372 236.7231 0
1531.725 348.252 236.6918 0
1529.715 346.102 236.6603 0
1527.715 343.842 236.6266 0
1525.675 341.742 236.5961 0
1523.565 339.582 236.5646 0
1520.175 335.282 236.4931 0
1517.325 330.742 236.4037 0
1515.065 325.822 236.2934 0
1513.345 320.761 236.1686 0
1512.345 315.422 236.0253 0
1511.965 309.952 235.8671 0
1511.895 292.292 235.3376 0
1511.835 274.542 234.8053 0
1511.775 256.902 234.2765 0
1511.755 239.122 233.7433 0
1511.785 221.511 233.2152 0
1511.685 203.772 232.6835 0
1511.285 191.592 232.024 0
1510.915 179.492 231.4346 0
1510.745 167.372 230.7491 0
1510.255 155.192 229.9952 0
1510.185 143.022 229.2125 0
1510.715 130.822 228.4307 0
1512.065 118.742 227.69 0
1513.935 106.952 227.0404 0
1515.905 95.102 226.4918 0
1517.795 83.332 226.085 0
1518.685 71.252 225.8455 0
1518.635 59.042 225.8162 0
1518.255 52.382 225.8729 0
1517.085 45.982 225.9439 0
1515.075 39.662 226.0282 0
1512.285 33.732 226.119 0
1508.715 28.122 226.2169 0
1504.225 22.892 226.3182 0
1496.955 15.882 226.4859 0
1489.165 8.902 226.6998 0
1481.275 1.8220000000001 226.9427 0
1473.595 -5.0880000000002 227.1964 0
1466.645 -11.989 227.4371 0
1460.335 -18.718 227.6583 0
1454.235 -25.548 227.8507 0
1447.955 -32.188 228.0164 0
1441.875 -39.029 228.1304 0
1435.585 -45.688 228.1981 0
1429.375 -52.489 228.1998 0
1423.145 -59.178 228.1768 0
1418.385 -63.748 228.2723 0
1413.065 -67.398 228.5516 0
1407.305 -70.628 228.9263 0
1401.165 -72.868 229.3057 0
1394.705 -74.168 229.5997 0
1388.665 -74.608 229.7076 0
1381.105 -74.658 229.7168 0
1364.715 -74.668 229.7168 0
1353.545 -74.648 229.7168 0
1333.475 -74.608 229.7168 0
1320.415 -74.628 229.7168 0
1305.665 -74.638 229.7168 0
1289.065 -74.658 229.7168 0
1270.535 -74.628 229.7168 1
1261.425 -74.648 229.7168 0
1238.995 -74.708 229.717 0
1226.435 -74.678 229.717 0
1211.685 -74.698 229.717 0
1200.065 -74.698 229.717 0
1196.035 -74.168 229.717 0
1191.775 -72.978 229.6907 0
1186.955 -71.158 229.6511 0
1182.055 -68.468 229.5522 0
1177.225 -65.378 229.3721 0
1172.595 -61.618 229.0813 0
1168.145 -57.248 228.6494 0
1163.895 -52.158 228.0354 0
1161.315 -48.308 227.5464 0
1159.405 -43.978 227.0051 0
1157.855 -39.218 226.4373 0
1156.675 -34.408 225.918 0
1156.085 -29.208 225.448 0
1155.535 -23.808 225.071 0
1155.305 -18.108 224.822 0
1155.265 -12.368 224.7446 0
1155.435 -2.9780000000001 224.8003 0
1155.275 6.192 224.8835 0
1155.315 15.482 224.9917 0
1155.375 24.792 225.1196 0
1155.295 34.122 225.2612 0
1155.335 43.462 225.4111 0
1155.175 52.672 225.5615 0
1155.295 63.352 225.7312 0
